ETITLE:      TS           BOND          ANGLE          DIHED          IMPRP               ELECT            VDW       BOUNDARY           MISC        KINETIC               TOTAL           TEMP      POTENTIAL         TOTAL3        TEMPAVG            PRESSURE      GPRESSURE         VOLUME       PRESSAVG      GPRESSAVG
ENERGY:       0         0.0000         0.0000         0.0000         0.0000          -5460.6263       775.2761         0.0000         0.0000         0.0000          -4685.3502         0.0000     -4685.3502     -4684.5921         0.0000           6516.2526      6528.3302     23823.1240      6516.2526      6528.3302
ENERGY:    5000         0.0000         0.0000         0.0000         0.0000          -5597.2449       419.5997         0.0000         0.0000       941.3993          -4236.2458       299.0743     -5177.6452     -4234.2156       278.1528           -212.2005      -193.4198     22812.8204      -255.9547      -255.7920
ENERGY:   10000         0.0000         0.0000         0.0000         0.0000          -5674.6105       526.0751         0.0000         0.0000       916.4911          -4232.0443       291.1612     -5148.5354     -4229.4118       298.6545            375.9939       397.8181     23584.8514      -201.8736      -201.8325
ENERGY:   15000         0.0000         0.0000         0.0000         0.0000          -5574.1338       429.6176         0.0000         0.0000       921.1566          -4223.3596       292.6434     -5144.5162     -4221.7236       298.7396           -287.6586      -276.6205     23081.9131      -124.1158      -124.1659
ENERGY:   20000         0.0000         0.0000         0.0000         0.0000          -5574.9226       403.3596         0.0000         0.0000       916.1819          -4255.3811       291.0630     -5171.5631     -4253.2860       297.5032           -296.7341      -274.9667     22929.3265      -190.0495      -189.9567
ENERGY:   25000         0.0000         0.0000         0.0000         0.0000          -5636.8032       388.1299         0.0000         0.0000       925.6343          -4323.0391       294.0659     -5248.6734     -4320.9450       299.4317           -498.2699      -477.8524     22749.2379      -234.1805      -234.0965
ENERGY:   30000         0.0000         0.0000         0.0000         0.0000          -5699.4235       393.4844         0.0000         0.0000       901.3241          -4404.6150       286.3427     -5305.9391     -4401.3528       295.2149           -700.5921      -688.7130     22817.2078      -186.7444      -186.6891
ENERGY:   35000         0.0000         0.0000         0.0000         0.0000          -5649.8478       443.3974         0.0000         0.0000       940.2135          -4266.2369       298.6976     -5206.4504     -4264.9280       290.7723           -125.6330      -110.6329     22938.7944      -264.6985      -264.7226
ENERGY:   40000         0.0000         0.0000         0.0000         0.0000          -5650.4816       411.1040         0.0000         0.0000       957.4099          -4281.9677       304.1607     -5239.3776     -4279.0667       301.7696            -57.9011       -46.7824     22904.6194      -197.3339      -197.3173
ENERGY:   45000         0.0000         0.0000         0.0000         0.0000          -5560.9075       409.2483         0.0000         0.0000       975.6724          -4175.9868       309.9625     -5151.6592     -4173.9164       300.1693             68.1480        77.5737     23053.3070      -231.8734      -231.7190
ENERGY:   50000         0.0000         0.0000         0.0000         0.0000          -5618.4013       410.9834         0.0000         0.0000       955.6426          -4251.7753       303.5993     -5207.4179     -4249.3464       303.0671           -278.0140      -258.9608     22711.2450      -256.1967      -256.2801
ENERGY:   55000         0.0000         0.0000         0.0000         0.0000          -5583.1733       420.7684         0.0000         0.0000       961.9443          -4200.4606       305.6013     -5162.4049     -4198.4940       303.4108            125.9273       150.3266     22840.1058      -226.7782      -226.7925
ENERGY:   60000         0.0000         0.0000         0.0000         0.0000          -5674.9710       442.5618         0.0000         0.0000       946.2756          -4286.1335       300.6235     -5232.4091     -4283.8910       297.5189            249.9581       270.6652     22483.2042      -236.5240      -236.4913
ENERGY:   65000         0.0000         0.0000         0.0000         0.0000          -5637.9945       407.6211         0.0000         0.0000       910.0803          -4320.2931       289.1245     -5230.3734     -4318.1910       297.8859            282.0538       298.7218     22199.6946      -209.9224      -209.9929
ENERGY:   70000         0.0000         0.0000         0.0000         0.0000          -5574.2801       396.0435         0.0000         0.0000       955.0647          -4223.1719       303.4157     -5178.2366     -4220.4390       297.1054           -232.2690      -208.9089     22765.4271      -218.2195      -218.1439
ENERGY:   75000         0.0000         0.0000         0.0000         0.0000          -5567.6557       353.0254         0.0000         0.0000       956.3598          -4258.2704       303.8271     -5214.6302     -4257.0965       302.8057           -764.2834      -735.2021     22530.2952      -178.2059      -178.2372
ENERGY:   80000         0.0000         0.0000         0.0000         0.0000          -5557.0789       351.9841         0.0000         0.0000       975.7315          -4229.3634       309.9813     -5205.0949     -4226.6868       301.2850           -841.8936      -835.6548     22791.9673      -194.1554      -194.2455
ENERGY:   85000         0.0000         0.0000         0.0000         0.0000          -5617.0400       379.9885         0.0000         0.0000       935.3631          -4301.6884       297.1566     -5237.0515     -4298.8120       300.9147           -995.6884      -978.1569     23083.3512      -240.6193      -240.5290
ENERGY:   90000         0.0000         0.0000         0.0000         0.0000          -5591.7197       386.2455         0.0000         0.0000       959.0132          -4246.4611       304.6701     -5205.4743     -4244.1376       299.5536            -92.3271       -81.9949     22700.2125      -194.4007      -194.3710
ENERGY:   95000         0.0000         0.0000         0.0000         0.0000          -5502.8694       345.8360         0.0000         0.0000       896.5086          -4260.5247       284.8129     -5157.0334     -4259.4639       301.1696           -557.3934      -530.4024     22427.5126      -246.9844      -246.9430
ENERGY:  100000         0.0000         0.0000         0.0000         0.0000          -5468.3306       318.1295         0.0000         0.0000       943.2797          -4206.9214       299.6717     -5150.2011     -4204.4956       303.7188           -793.0546      -764.1433     22763.3274      -214.6640      -214.6209
ENERGY:  105000         0.0000         0.0000         0.0000         0.0000          -5549.5839       328.4258         0.0000         0.0000       918.8481          -4302.3099       291.9100     -5221.1581     -4298.9267       297.8201          -1051.8583     -1029.9785     22728.8378      -247.2759      -247.3039
ENERGY:  110000         0.0000         0.0000         0.0000         0.0000          -5567.6087       356.1146         0.0000         0.0000       944.5196          -4266.9745       300.0656     -5211.4941     -4263.9491       299.7028           -806.0775      -792.6904     22782.1161      -210.1760      -210.1559
ENERGY:  115000         0.0000         0.0000         0.0000         0.0000          -5514.4932       338.3446         0.0000         0.0000       937.0938          -4239.0548       297.7065     -5176.1486     -4236.5871       297.4517          -1017.7485      -997.8218     22806.9243      -259.6460      -259.5806
ENERGY:  120000         0.0000         0.0000         0.0000         0.0000          -5638.3485       414.1245         0.0000         0.0000       893.1924          -4331.0316       283.7594     -5224.2240     -4329.2167       295.8926           -492.2326      -462.4345     22732.0185      -262.7457      -262.7436
ENERGY:  125000         0.0000         0.0000         0.0000         0.0000          -5575.1724       374.4258         0.0000         0.0000       935.5124          -4265.2342       297.2041     -5200.7466     -4262.2682       295.5342           -499.6007      -483.5277     22973.6581      -240.0018      -240.0469
ENERGY:  130000         0.0000         0.0000         0.0000         0.0000          -5599.1034       399.9249         0.0000         0.0000       877.1682          -4322.0103       278.6686     -5199.1785     -4319.7775       298.8215           -625.0369      -599.5950     23070.6596      -239.4280      -239.3544
ENERGY:  135000         0.0000         0.0000         0.0000         0.0000          -5712.4243       453.6490         0.0000         0.0000       943.8971          -4314.8781       299.8678     -5258.7752     -4312.7314       295.3967            293.8552       306.7812     22513.0233      -277.4072      -277.4744
ENERGY:  140000         0.0000         0.0000         0.0000         0.0000          -5545.1385       298.0740         0.0000         0.0000       947.9889          -4299.0756       301.1678     -5247.0645     -4296.9309       292.5852          -1345.8343     -1337.1011     22624.7858      -154.4578      -154.3547
ENERGY:  145000         0.0000         0.0000         0.0000         0.0000          -5558.8494       376.3092         0.0000         0.0000       937.3741          -4245.1660       297.7955     -5182.5402     -4243.2011       300.7136           -549.7736      -529.1481     22978.7036      -189.0998      -189.0202
ENERGY:  150000         0.0000         0.0000         0.0000         0.0000          -5626.1318       429.6126         0.0000         0.0000       929.8724          -4266.6467       295.4123     -5196.5192     -4265.6255       301.1170            361.5967       396.1668     22753.6516      -104.9740      -104.9361
ENERGY:  155000         0.0000         0.0000         0.0000         0.0000          -5672.5445       393.3582         0.0000         0.0000       936.2434          -4342.9428       297.4363     -5279.1862     -4340.9988       295.0275           -231.8703      -219.5881     22501.2867      -177.3951      -177.3527
ENERGY:  160000         0.0000         0.0000         0.0000         0.0000          -5651.2885       414.4551         0.0000         0.0000       982.7753          -4254.0581       312.2191     -5236.8334     -4250.4994       297.2250           -120.3031      -109.1939     22705.2626      -194.5435      -194.4585
ENERGY:  165000         0.0000         0.0000         0.0000         0.0000          -5581.4315       390.4463         0.0000         0.0000       942.8807          -4248.1046       299.5449     -5190.9853     -4247.0857       302.3487           -397.7125      -365.7178     23086.8329      -234.1757      -234.2042
ENERGY:  170000         0.0000         0.0000         0.0000         0.0000          -5612.0969       411.0136         0.0000         0.0000       981.0395          -4220.0438       311.6676     -5201.0833     -4217.4368       302.2328           -188.2231      -182.5885     22801.1664      -237.9439      -237.8858
ENERGY:  175000         0.0000         0.0000         0.0000         0.0000          -5526.7457       350.6402         0.0000         0.0000       957.1879          -4218.9176       304.0902     -5176.1055     -4215.4930       302.0284           -548.2202      -541.5890     22655.5857      -257.9279      -257.9608
ENERGY:  180000         0.0000         0.0000         0.0000         0.0000          -5523.4084       359.1723         0.0000         0.0000       955.4505          -4208.7856       303.5382     -5164.2360     -4206.5162       306.7589           -570.0954      -546.1394     23039.2587      -229.1219      -229.0729
ENERGY:  185000         0.0000         0.0000         0.0000         0.0000          -5619.6772       385.0169         0.0000         0.0000       915.2389          -4319.4213       290.7634     -5234.6603     -4317.8823       299.4635           -602.1082      -582.5317     22884.1741      -275.5700      -275.6349
ENERGY:  190000         0.0000         0.0000         0.0000         0.0000          -5545.6687       354.8939         0.0000         0.0000       934.5114          -4256.2634       296.8861     -5190.7748     -4255.7134       299.5767           -594.4490      -571.6591     22847.2029      -291.5734      -291.4794
ENERGY:  195000         0.0000         0.0000         0.0000         0.0000          -5631.8093       420.6328         0.0000         0.0000       946.7700          -4264.4065       300.7805     -5211.1765     -4261.4026       298.4254             67.6684        87.3091     22587.1388      -236.5421      -236.5220
ENERGY:  200000         0.0000         0.0000         0.0000         0.0000          -5544.9996       328.8811         0.0000         0.0000       929.7908          -4286.3276       295.3864     -5216.1184     -4285.2770       299.8740           -652.1271      -645.0833     22498.7439      -214.7955      -214.8062
ENERGY:  205000         0.0000         0.0000         0.0000         0.0000          -5510.7730       339.2252         0.0000         0.0000       963.0212          -4208.5266       305.9434     -5171.5478     -4207.4667       298.5562           -738.1279      -733.7967     22694.5647      -196.9535      -197.1133
ENERGY:  210000         0.0000         0.0000         0.0000         0.0000          -5658.4949       388.9833         0.0000         0.0000       887.7510          -4381.7606       282.0307     -5269.5116     -4378.4627       293.7522           -775.4389      -747.9902     22726.7039      -219.9679      -219.9211
ENERGY:  215000         0.0000         0.0000         0.0000         0.0000          -5618.3397       443.8119         0.0000         0.0000       989.9624          -4184.5655       314.5024     -5174.5279     -4183.2022       296.6364            299.3665       305.8810     22836.1939      -224.8010      -224.7663
ENERGY:  220000         0.0000         0.0000         0.0000         0.0000          -5654.1487       387.6979         0.0000         0.0000       892.3929          -4374.0579       283.5054     -5266.4508     -4372.6048       299.6466           -330.3287      -309.2689     22567.9030      -179.4452      -179.4814
ENERGY:  225000         0.0000         0.0000         0.0000         0.0000          -5573.4560       380.2435         0.0000         0.0000       908.8458          -4284.3666       288.7323     -5193.2124     -4281.9707       293.6144           -335.9093      -326.6249     22451.7876      -274.6528      -274.7819
ENERGY:  230000         0.0000         0.0000         0.0000         0.0000          -5603.8702       411.5313         0.0000         0.0000       944.2816          -4248.0573       299.9900     -5192.3389     -4246.1706       301.5959             96.9729       128.8320     22556.2332      -136.0944      -136.1389
ENERGY:  235000         0.0000         0.0000         0.0000         0.0000          -5690.6815       451.9086         0.0000         0.0000       967.7919          -4270.9810       307.4590     -5238.7730     -4268.5767       300.2065            163.1815       182.3041     22810.0429      -237.6122      -237.6750
ENERGY:  240000         0.0000         0.0000         0.0000         0.0000          -5675.2037       421.3930         0.0000         0.0000       953.6188          -4300.1920       302.9563     -5253.8108     -4297.9978       298.9436           -114.9287       -97.1982     22657.5243      -138.9211      -139.0521
ENERGY:  245000         0.0000         0.0000         0.0000         0.0000          -5550.5621       338.0738         0.0000         0.0000       946.8302          -4265.6581       300.7996     -5212.4883     -4264.6586       298.2233           -670.6227      -658.9041     22505.1184      -242.8952      -243.0262
ENERGY:  250000         0.0000         0.0000         0.0000         0.0000          -5527.8521       360.8456         0.0000         0.0000       927.8007          -4239.2058       294.7541     -5167.0065     -4237.2200       299.9112           -514.0605      -490.1965     22721.7950      -259.9639      -260.0231
ENERGY:  255000         0.0000         0.0000         0.0000         0.0000          -5568.8048       364.4225         0.0000         0.0000       937.6380          -4266.7443       297.8794     -5204.3822     -4265.2165       302.6755           -426.8046      -406.7018     22815.5788      -248.9072      -249.0386
ENERGY:  260000         0.0000         0.0000         0.0000         0.0000          -5650.1234       428.7562         0.0000         0.0000       998.8999          -4222.4673       317.3417     -5221.3672     -4218.6813       298.7720            312.1598       340.2581     22602.5400      -284.1204      -284.1725
ENERGY:  265000         0.0000         0.0000         0.0000         0.0000          -5589.4762       383.1954         0.0000         0.0000       945.5535          -4260.7273       300.3940     -5206.2808     -4258.3281       299.4129           -665.2957      -633.1681     22759.6012      -239.2759      -239.2089
ENERGY:  270000         0.0000         0.0000         0.0000         0.0000          -5622.7940       423.6142         0.0000         0.0000       901.2943          -4297.8856       286.3333     -5199.1799     -4295.2619       299.5086            567.5537       592.6813     22550.9971      -296.0440      -295.8863
ENERGY:  275000         0.0000         0.0000         0.0000         0.0000          -5641.2844       393.8081         0.0000         0.0000       913.8041          -4333.6722       290.3075     -5247.4763     -4333.2623       294.8863           -125.5628      -101.7172     22549.8778      -249.5412      -249.7814
ENERGY:  280000         0.0000         0.0000         0.0000         0.0000          -5591.5126       401.0911         0.0000         0.0000       931.1674          -4259.2541       295.8237     -5190.4215     -4256.3553       300.4014           -487.2538      -462.0090     22978.6848      -218.8828      -218.7582
ENERGY:  285000         0.0000         0.0000         0.0000         0.0000          -5656.9180       436.4868         0.0000         0.0000       918.7973          -4301.6339       291.8938     -5220.4313     -4298.8517       297.5745            675.8707       700.6063     22326.1719      -252.9583      -253.0024
ENERGY:  290000         0.0000         0.0000         0.0000         0.0000          -5593.5182       358.6121         0.0000         0.0000       952.4331          -4282.4730       302.5796     -5234.9062     -4279.9021       300.6241           -392.5851      -363.1582     22493.3911      -199.3258      -199.3124
ENERGY:  295000         0.0000         0.0000         0.0000         0.0000          -5623.5279       374.9641         0.0000         0.0000       926.7694          -4321.7944       294.4265     -5248.5638     -4319.5753       293.8966           -460.8794      -435.7927     22624.3387      -271.4569      -271.5342
ENERGY:  300000         0.0000         0.0000         0.0000         0.0000          -5625.5909       379.7700         0.0000         0.0000       929.9761          -4315.8448       295.4452     -5245.8209     -4313.0134       294.0135             48.3430        70.0522     22524.1741      -163.9855      -163.8855
ENERGY:  305000         0.0000         0.0000         0.0000         0.0000          -5677.6938       435.8868         0.0000         0.0000       968.7403          -4273.0667       307.7603     -5241.8069     -4271.3966       296.6000            494.4291       523.6229     22586.0273      -231.8236      -231.9000
ENERGY:  310000         0.0000         0.0000         0.0000         0.0000          -5602.9700       374.0302         0.0000         0.0000       932.7900          -4296.1498       296.3392     -5228.9398     -4294.1268       302.4716           -623.8400      -600.6170     22770.0572      -251.6779      -251.7409
ENERGY:  315000         0.0000         0.0000         0.0000         0.0000          -5504.0962       335.7145         0.0000         0.0000       939.9993          -4228.3823       298.6295     -5168.3817     -4226.3491       300.3449           -984.6090      -958.3452     22759.9278      -203.9426      -203.8951
ENERGY:  320000         0.0000         0.0000         0.0000         0.0000          -5548.2819       402.7152         0.0000         0.0000       979.8421          -4165.7246       311.2872     -5145.5667     -4164.1131       301.0312             84.9833       108.1200     22794.9300      -249.1971      -248.9684
ENERGY:  325000         0.0000         0.0000         0.0000         0.0000          -5604.3306       405.2506         0.0000         0.0000       936.2905          -4262.7895       297.4513     -5199.0799     -4261.8918       303.9565            140.5731       169.3248     22460.8136      -165.6879      -165.6194
ENERGY:  330000         0.0000         0.0000         0.0000         0.0000          -5561.2396       347.1820         0.0000         0.0000       938.3860          -4275.6716       298.1170     -5214.0576     -4273.6519       298.0433           -889.1796      -874.8127     22758.3601      -261.1509      -260.9914
ENERGY:  335000         0.0000         0.0000         0.0000         0.0000          -5550.5668       389.9931         0.0000         0.0000       977.6677          -4182.9059       310.5964     -5160.5736     -4180.3586       297.8765            141.0450       166.0841     22694.6394      -143.5765      -143.4323
ENERGY:  340000         0.0000         0.0000         0.0000         0.0000          -5617.4968       370.7443         0.0000         0.0000       880.3563          -4366.3962       279.6815     -5246.7525     -4364.0964       298.4075            110.7188       108.1272     22104.7932      -217.8062      -217.8244
ENERGY:  345000         0.0000         0.0000         0.0000         0.0000          -5538.4273       358.0881         0.0000         0.0000       915.2338          -4265.1054       290.7617     -5180.3392     -4263.2715       296.1381           -621.8663      -596.0730     22782.2027      -182.8301      -182.8358
ENERGY:  350000         0.0000         0.0000         0.0000         0.0000          -5582.9671       417.1334         0.0000         0.0000       947.8385          -4217.9952       301.1200     -5165.8337     -4217.0775       296.8371            124.9540       152.2642     22674.4544      -228.3747      -228.5639
ENERGY:  355000         0.0000         0.0000         0.0000         0.0000          -5557.1172       389.9542         0.0000         0.0000       928.7139          -4238.4491       295.0443     -5167.1630     -4237.2387       303.7427            388.3486       416.2433     22376.5906      -191.0789      -190.9881
ENERGY:  360000         0.0000         0.0000         0.0000         0.0000          -5616.2163       426.9882         0.0000         0.0000       951.1528          -4238.0753       302.1729     -5189.2282     -4236.9774       295.8146            350.0740       370.4508     22567.3158      -222.4533      -222.5557
ENERGY:  365000         0.0000         0.0000         0.0000         0.0000          -5634.0667       406.2658         0.0000         0.0000       920.7599          -4307.0410       292.5173     -5227.8009     -4305.1070       296.8285           -322.8840      -311.9567     22802.7791      -197.0424      -197.0700
ENERGY:  370000         0.0000         0.0000         0.0000         0.0000          -5693.2996       447.8589         0.0000         0.0000       946.4713          -4298.9694       300.6856     -5245.4407     -4297.7938       297.6454            607.1597       628.2824     22545.6612      -162.4352      -162.5009
ENERGY:  375000         0.0000         0.0000         0.0000         0.0000          -5517.9628       372.4160         0.0000         0.0000       931.0586          -4214.4883       295.7891     -5145.5469     -4213.2014       299.5943           -333.9256      -311.8740     22628.6803      -205.9066      -205.8992
ENERGY:  380000         0.0000         0.0000         0.0000         0.0000          -5523.0805       309.0374         0.0000         0.0000       936.0701          -4277.9730       297.3812     -5214.0431     -4274.7381       305.4987           -963.6531      -939.8281     22421.6279      -209.4817      -209.6048
ENERGY:  385000         0.0000         0.0000         0.0000         0.0000          -5642.9632       400.4889         0.0000         0.0000       917.6688          -4324.8055       291.5353     -5242.4743     -4322.3989       300.8643           -185.4135      -173.8997     22733.8185      -254.8616      -255.0101
ENERGY:  390000         0.0000         0.0000         0.0000         0.0000          -5627.7291       412.7030         0.0000         0.0000       937.6156          -4277.4105       297.8722     -5215.0261     -4274.1566       301.4330              8.1683        39.8354     22591.4169      -223.3497      -223.2955
ENERGY:  395000         0.0000         0.0000         0.0000         0.0000          -5661.7129       384.4743         0.0000         0.0000       982.6190          -4294.6197       312.1694     -5277.2387     -4292.1646       300.0247           -706.5450      -678.2040     22636.2179      -199.8652      -199.8287
ENERGY:  400000         0.0000         0.0000         0.0000         0.0000          -5603.0465       392.9659         0.0000         0.0000       953.1581          -4256.9225       302.8100     -5210.0806     -4254.7573       295.6859           -455.4183      -436.8094     22737.1921      -221.7061      -221.6210
ENERGY:  405000         0.0000         0.0000         0.0000         0.0000          -5636.1292       421.5696         0.0000         0.0000       984.7846          -4229.7750       312.8574     -5214.5596     -4227.4607       302.2796              1.0317        21.0537     22887.8697      -232.0153      -232.0109
ENERGY:  410000         0.0000         0.0000         0.0000         0.0000          -5665.6155       433.5479         0.0000         0.0000       924.8345          -4307.2331       293.8118     -5232.0676     -4305.1033       298.4376            221.7351       241.2617     22575.7205      -209.9796      -209.9048
ENERGY:  415000         0.0000         0.0000         0.0000         0.0000          -5598.0928       407.9287         0.0000         0.0000       952.9239          -4237.2402       302.7356     -5190.1641     -4235.6927       298.3428             37.8945        71.9495     22736.2716      -223.4874      -223.4590
ENERGY:  420000         0.0000         0.0000         0.0000         0.0000          -5635.8369       394.6274         0.0000         0.0000       928.8788          -4312.3307       295.0966     -5241.2095     -4308.8973       291.0772            -31.9829       -19.2258     22562.3977      -163.1097      -163.2337
ENERGY:  425000         0.0000         0.0000         0.0000         0.0000          -5523.8736       342.4690         0.0000         0.0000       965.5031          -4215.9015       306.7318     -5181.4045     -4212.9818       299.4029           -603.2164      -566.2970     22696.4295      -256.6247      -256.4125
ENERGY:  430000         0.0000         0.0000         0.0000         0.0000          -5656.2121       435.6554         0.0000         0.0000       909.7873          -4310.7693       289.0315     -5220.5566     -4309.0068       302.6430             -2.6539         2.6955     22738.4757      -134.5442      -134.4589
ENERGY:  435000         0.0000         0.0000         0.0000         0.0000          -5613.3236       426.1378         0.0000         0.0000       958.1231          -4229.0627       304.3873     -5187.1858     -4228.0454       299.7702            327.1481       345.7088     22472.9846      -253.6815      -253.7179
ENERGY:  440000         0.0000         0.0000         0.0000         0.0000          -5693.8507       462.6626         0.0000         0.0000       935.1137          -4296.0744       297.0774     -5231.1881     -4292.6620       298.6384            978.3693       982.8150     22317.3067      -194.1072      -194.1021
ENERGY:  445000         0.0000         0.0000         0.0000         0.0000          -5640.0494       423.2400         0.0000         0.0000       937.9365          -4278.8729       297.9742     -5216.8094     -4276.3933       296.2859            105.9015       129.0777     22625.7989      -148.3606      -148.3016
ENERGY:  450000         0.0000         0.0000         0.0000         0.0000          -5623.3887       395.8123         0.0000         0.0000       911.8841          -4315.6923       289.6976     -5227.5764     -4312.9639       297.1284           -395.0377      -364.6437     22782.7027      -222.9559      -222.9077
ENERGY:  455000         0.0000         0.0000         0.0000         0.0000          -5620.3271       395.1895         0.0000         0.0000       972.6203          -4252.5174       308.9929     -5225.1377     -4250.8593       296.4978           -605.8473      -583.1545     22944.9488      -280.6338      -280.5825
ENERGY:  460000         0.0000         0.0000         0.0000         0.0000          -5521.1130       351.9298         0.0000         0.0000       940.1272          -4229.0561       298.6701     -5169.1833     -4226.8195       300.0755           -719.5221      -703.1812     22918.0872      -256.7106      -256.5522
ENERGY:  465000         0.0000         0.0000         0.0000         0.0000          -5688.9631       408.1585         0.0000         0.0000       935.9601          -4344.8445       297.3463     -5280.8045     -4342.6134       297.9397             61.3504        61.7880     22559.3788      -239.4089      -239.4430
ENERGY:  470000         0.0000         0.0000         0.0000         0.0000          -5542.5866       351.1339         0.0000         0.0000       925.7208          -4265.7319       294.0934     -5191.4527     -4262.5436       296.4409           -791.3784      -767.4426     22712.8368      -247.8803      -247.8114
ENERGY:  475000         0.0000         0.0000         0.0000         0.0000          -5549.2464       375.8196         0.0000         0.0000       947.1307          -4226.2961       300.8951     -5173.4268     -4223.0948       298.8337           -688.0322      -677.2806     23056.1497      -214.2505      -214.2590
ENERGY:  480000         0.0000         0.0000         0.0000         0.0000          -5587.1016       406.3464         0.0000         0.0000       946.7696          -4233.9855       300.7804     -5180.7552     -4231.1726       300.6152           -189.5012      -171.4222     22685.2337      -207.2938      -207.2888
ENERGY:  485000         0.0000         0.0000         0.0000         0.0000          -5720.7160       447.6972         0.0000         0.0000       959.1520          -4313.8668       304.7142     -5273.0188     -4311.4294       301.3610            189.6765       203.6734     22509.9695      -197.0419      -197.0895
ENERGY:  490000         0.0000         0.0000         0.0000         0.0000          -5623.8191       412.8897         0.0000         0.0000       909.7181          -4301.2113       289.0094     -5210.9294     -4299.0633       296.1140            -91.4934       -77.4356     22498.5541      -247.3355      -247.4075
ENERGY:  495000         0.0000         0.0000         0.0000         0.0000          -5653.6454       472.1052         0.0000         0.0000       899.2169          -4282.3232       285.6733     -5181.5401     -4280.1057       294.6508            806.3308       836.0917     22717.5244      -216.5590      -216.6022
ENERGY:  500000         0.0000         0.0000         0.0000         0.0000          -5498.4662       361.3535         0.0000         0.0000       917.0522          -4220.0605       291.3394     -5137.1127     -4217.3122       302.1738           -547.7670      -540.9412     22925.0439      -207.9605      -207.9941
